"""
    rythm = 100 
        100 beats per minute.
    loop = (2,33,2,True) 
        The range of the loop if [2,32], 2 times, and the last section in loop should be replace.
"""

<staff rythm=100 loop=(2,33,2,True)>
    <section num=1>
        [0,6,1] 
        [0,-1,1] 
        [0,-1,1] 
        [0,-1,1]
    </section>

    <section num=2>
        [0,11,1.5] [0,10,0.5] [1,1,0.5] [0,11,0.5] [0,6,0.5] [0,2,0.5]
        [0,2,3] [0,-1,1]
        [-2,11,1] [-2,11,1] [-1,1,1] [-1,3,1]
        [-1,6,2] [-1,6,2]
    </section>

    <section num=3>
        [-1,11,1] [-1,12,1] [0,1,1] [0,3,1]
        [0,8,2] [0,4,1] [0,-1,0.5] [0,8,0.5]
        [-1,4,1] [-1,3,1] [-1,1,1] [-2,11,1]
        [-1,8,2] [-1,8,2]
    </section>

    <section num=4>
        [1,1,1.5] [0,11,0.5] [0,10,0.5] [0,8,0.5] [0,6,0.5] [0,4,0.5]
        [0,4,2] [0,1,1] [0,-1,1]
        [-2,10,1] [-1,6,1] [-1,4,1] [-2,10,1]
        [-1,10,2] [-1,10,1] [0,1,1]
    </section>

    <section num=5>
        [-1,11,1] [-1,6,0.5] [-2,6,0.5] [-1,6,0.5] [-2,11,1] [0,-1,0.5]
        [0,3,3] [0,6,1]
        [-1,6,3] [0,-1,1]
        [-1,3,3] [0,-1,1]
    </section>
    
    <section num=6>
        [0,11,1.5] [0,10,0.5] [1,1,0.5] [0,11,0.5] [0,6,0.5] [0,3,0.5]
        [0,3,3] [0,-1,1]
        [-1,6,2] [-1,6,2]
        [-2,11,1] [-2,11,1] [-1,1,1] [-1,3,1]
    </section>
    
    <section num=7>
        [0,8,2] [0,4,0.5] [0,4,0.5] [1,1,0.5] [0,11,0.5]
        [-1,11,1] [-1,12,1] [0,1,1] [0,4,1]
        [-1,8,2] [-1,8,2]
        [-1,4,1] [-1,3,1] [-1,1,1] [-1,4,1]

    </section>
    
    <section num=8>
        [0,10,1] [1,1,1] [1,4,1] [0,10,1]
        [0,4,2] [0,4,1] [0,4,1]
        [-1,6,2] [-1,10,1] [0,1,1]
        [0,-1,1] [-1,4,1] [-2,10,1] [-1,6,1]
    </section>
    
    <section num=9>
        [0,11,3] [1,3,0.75] [1,1,0.25]
        [0,3,3] [0,11,1]
        [-1,-1,3] [0,6,1]
        [-2,11,1] [-1,6,0.5] [-2,6,0.5] [-1,6,0.5] [-1,11,1] [0,-1,0.5]
    </section>

    <section num=10>
        [0,10,1.5] [0,10,0.5] [0,8,0.75] [0,10,0.25] [0,11,0.5] [0,8,0.5]
        [-1,-1,4]
        [0,-1,1] [0,1,1] [0,-1,1] [0,1,1]
        [-1,6,1] [-1,10,1] [-1,1,1] [-1,5,1]
    </section>

    <section num=11>
        [0,10,2] [0,6,0.5] [0,6,0.5] [0,5,0.5] [0,6,0.5]
        [-1,-1,4]
        [0,-1,1] [0,1,1] [0,-1,1] [0,1,1]
        [-1,6,1] [-1,10,1] [-1,6,1] [-1,10,1]
    </section>

    <section num=12>
        [0,8,1.5] [0,8,0.5] [1,1,1.5] [0,11,0.5]
        [-1,-1,4]
        [0,-1,1] [0,1,1] [0,-1,1] [0,1,1]
        [-1,5,1] [-1,8,1] [-1,1,1] [-1,8,1]
    </section>

    <section num=13>
        [0,6,1] [0,5,1] [0,3,1] [0,1,1]
        [0,-1,2] [0,6,1] [0,5,1]
        [0,-1,3] [0,8,1]
        [0,10,3] [1,1,1]
        [-1,6,1] [-1,5,1] [-1,3,1] [-1,1,1]
        [-1,-1,1] [-1,10,1] [-1,10,1] [-1,11,1]
    </section>

    <section num=14>
        [1,1,1.5] [0,10,0.5] [1,6,1] [1,5,1]
        [0,1,2] [0,6,0.5] [0,6,0.5] [0,5,0.5] [0,6,0.5]
        [0,6,2] [0,-1,2]
        [0,10,2] [0,-1,2]
        [-2,6,1] [-1,6,1] [-2,6,1] [-1,1,1]
        [-1,6,1] [-1,10,1] [-1,6,1] [-1,5,1]
        [0,-1,1] [0,1,1] [0,-1,1] [-1,6,1]
        [0,-1,1] [-1,10,1] [0,-1,2]
    </section>

    <section num=15>
        [1,3,2] [0,11,0.5] [0,8,0.5] [0,10,0.5] [0,11,0.5]
        [0,6,1] [0,3,1] [0,6,1] [0,3,1]
        [-3,11,1] [-1,3,1] [-3,11,1] [-1,3,1]
        [-2,11,1] [-1,6,1] [-2,11,1] [-1,6,1]
        [0,-1,1] [-1,11,1] [0,-1,1] [-1,11,1]
    </section>

    <section num=16>
        [0,10,1] [1,1,1] [0,11,1] [0,8,1]
        [-2,1,1] [0,-1,1] [-2,1,1] [0,-1,1]
        [-1,1,1] [-1,1,1] [-1,1,1] [-1,1,1] 
        [0,-1,1] [-1,6,1] [0,-1,1] [-1,5,1]
        [0,-1,1] [-1,10,1] [0,-1,1] [-1,8,1]
        [0,-1,3] [-1,11,1]
    </section>
    
    <section num=17>
        [0,6,3] [1,3,0.75] [1,1,0.25]
        [-1,10,3] [0,-1,1]
        [-1,6,3] [0,-1,1]
        [-2,6,3] [0,-1,1]
    </section>

    <section num=18>
        [0,11,2] [0,6,1.5] [0,3,0.5]
        [-1,3,1] [-1,11,1] [-2,11,1] [-1,11,1]
        [0,-1,1] [0,3,1] [0,-1,1] [0,3,1]
    </section>

    <section num=19>
        [0,8,2] [0,4,1] [1,1,0.75] [0,11,0.25]
        [-1,4,1] [-1,8,1] [-1,1,1] [-1,4,1]
        [0,-1,1] [-1,12,1] [0,-1,1] [1,1,1]
    </section>

    <section num=20>
        [0,10,2] [0,8,1] [0,6,1]
        [0,-1,2] [-1,11,1] [0,4,1]
        [-1,6,1] [-1,4,1] [-1,3,1] [-1,1,1]
    </section>

    <section num=21>
        [0,6,3] [0,6,1]
        [0,3,1] [0,3,1] [0,1,1] [0,4,1]
        [-1,6,1] [-1,6,1] [-1,6,1] [1,1,1]
        [-2,11,1] [-2,10,1] [-2,8,1] [-2,6,1]
    </section>

    <section num=22>
        [1,3,1.5] [1,3,0.5] [1,1,1] [0,6,1]
        [-1,11,1] [-1,11,1] [-1,10,1] [-1,10,1]
        [0,-1,1] [1,3,1] [0,-1,1] [1,1,1]
        [-2,11,1] [-1,6,1] [-2,10,1] [-1,4,1]
    </section>

    <section num=23>
        [0,11,2] [0,10,1.5] [0,10,0.5]
        [-1,8,1] [-1,5,1] [-1,6,1] [-1,10,1]
        [0,-1,1] [1,1,1] [0,-1,1] [1,1,1]
        [-2,8,1] [-1,1,1] [-2,6,1] [-1,3,1]
    </section>

    <section num=24>
        [0,8,1.5] [0,7,0.5] [0,8,1] [1,1,1]
        [-1,8,1] [-1,8,1] [-2,1,1] [-1,5,1]
        [0,-1,1] [-1,11,1] [0,-1,1] [-1,11,1]
        [-2,8,1] [-1,3,1] [-1,1,1] [-1,1,1]
    </section>

    <section num=25>
        [1,1,3] [1,3,0.75] [1,1,0.25] 
        [0,-1,3] [2,3,0.75] [2,1,0.25]
        [-1,10,1] [0,-1,3]
        [-1,6,1] [-1,6,0.75] [-1,8,0.25] [-1,6,0.5] [-1,4,0.5] [-1,3,0.5] [-1,1,0.5]
        [-1,1,1] [-2,6,0.75] [-2,8,0.25] [-2,6,0.5] [-2,4,0.5] [-2,3,0.5] [-2,1,0.5]
    </section>

    <section num=26>
        [1,11,2] [1,6,1.5] [0,-1,0.5]
        [1,3,2] [1,3,1.5] [1,3,0.5]
        [0,11,2] [0,6,1.5] [0,3,0.5]
        [-2,11,1] [0,3,1] [-2,11,1] [0,3,1]
        [-3,11,1] [-1,11,1] [-3,11,1] [-1,11,1]
        [0,-1,1] [-1,6,1] [0,-1,1] [-1,6,1]
    </section>

    <section num=27>
        [1,8,2] [1,4,1] [2,1,0.75] [1,11,0.25]
        [0,11,2] [0,8,1] [1,1,0.75] [0,11,0.25]
        [0,8,2] [0,4,1] [0,-1,1]
        [-2,4,1] [-1,12,1] [-2,1,1] [0,1,1]
        [-1,4,1] [-1,8,1] [-1,1,1] [-1,8,1]
        [0,-1,1] [-1,3,1] [0,-1,1] [-1,4,1]
    </section>

    <section num=28>
        [1,10,2] [1,8,1] [1,6,1] 
        [1,1,2] [1,1,2]
        [0,10,2] [0,8,1] [0,6,1]
        [-1,6,1] [-1,4,1] [-1,3,1] [-1,1,1]
        [-2,6,1] [-2,4,1] [-2,3,1] [-2,1,1]
    </section>

    <section num=29>
        [2,3,3] [2,3,1]
        [1,6,3] [1,6,1]
        [1,3,3] [1,3,1]
        [0,-1,3] [1,10,1]
        [-2,11,1] [0,3,1] [-1,6,1] [-1,9,1]
        [-3,11,1] [-1,11,1] [-2,6,1] [-1,6,1]
        [0,-1,1] [-1,6,1] [0,-1,1] [-2,9,1]
    </section>

    <section num=30>
        [2,6,2] [2,4,1] [2,3,1]
        [2,3,2] [1,12,1] [1,12,1]
        [1,11,2] [1,8,1] [1,8,1]
        [1,6,2] [1,4,1] [1,3,1]
        [-1,3,1] [0,3,1] [0,6,1] [0,8,1]
        [-2,3,1] [-1,12,1] [0,3,1] [0,6,1]
        [0,-1,1] [-1,8,1] [-1,12,1] [0,3,1]
        [0,-1,1] [-1,6,1] [-1,8,1] [-1,12,1]
    </section>

    <section num=31>
        [2,1,1.5] [2,3,0.5] [2,4,1.5] [2,4,0.5]
        [1,8,1.5] [1,3,0.5] [2,1,1.5] [1,4,0.5]
        [1,4,1.5] [1,-1,0.5] [1,8,1.5] [1,-1,0.5]
        [1,1,1.5] [1,-1,0.5] [1,4,1.5] [1,-1,0.5]
        [-1,1,1] [0,8,1] [-1,4,1] [0,8,1]
        [-2,1,1] [0,4,1] [-2,4,1] [0,4,1]
        [0,-1,1] [0,1,1] [-1,-1,1] [0,1,1]
        [0,-1,1] [-1,8,1] [-1,-1,1] [-1,8,1]
    </section>

    <section num=32>
        [2,3,1.5] [2,3,0.5] [2,1,1.5] [2,1,0.5]
        [1,11,1.5] [1,3,0.5] [1,8,1.5] [1,1,0.5]
        [1,6,1.5] [1,-1,0.5] [1,4,1.5] [1,-1,0.5]
        [1,3,1.5] [1,-1,0.5] [1,1,1.5] [1,-1,0.5]
        [-2,6,1] [0,3,1] [-2,6,1] [0,4,1]
        [-3,6,1] [-1,11,1] [-3,6,1] [-1,10,1]
        [0,-1,1] [-1,6,1] [-1,-1,1] [-1,6,1]
    </section>

    <section num=33>
        [1,11,3] [0,6,1]
        [0,11,3] [0,-1,1]
        [-1,11,3] [0,-1,1]
        [-2,11,3] [0,-1,1]
        [0,-1,1] [0,4,1] [0,3,1] [0,-1,1]
        [0,-1,1] [0,4,1] [0,3,1] [0,-1,1]
        [0,-1,1] [0,-1,6] [0,-1,2]
    </section>

    <section num=34>
        [1,11,3] [0,-1,1]
        [0,11,3] [0,-1,1]
        [-1,11,3] [0,-1,1]
        [-2,11,3] [0,-1,1]
        [0,-1,1] [0,4,1] [0,3,1] [0,-1,1]
        [0,-1,1] [0,4,1] [0,3,1] [0,-1,1]
        [0,-1,1] [0,-1,6] [0,-1,2]
    </section>

    
</staff>